 0.021387 0.153461  0.061405 -0.000544 0.004763 0.003830
 0.020716 0.197670  0.080860  0.000140 0.004832 0.003742
 0.014574 0.143573  0.080391 -0.000555 0.004712 0.003667
 0.004049 0.176145  0.162218 -0.000218 0.005036 0.003646
-0.008218 0.230395  0.318692 -0.000457 0.004533 0.003166
-0.032773 0.137681  0.242393  0.001667 0.003927 0.002600
-0.061382 0.119887  0.256768  0.001917 0.004641 0.002408
-0.044816 0.191499  0.248574  0.002108 0.004613 0.002705
-0.048124 0.155751  0.241930  0.002655 0.004623 0.002746
-0.057323 0.197257  0.279596  0.001860 0.004413 0.002865
-0.057815 0.205417  0.294751  0.000354 0.005218 0.002294
-0.066823 0.160193  0.293205  0.000792 0.005011 0.002363
-0.078677 0.151392  0.285879  0.001290 0.005057 0.002323
-0.056216 0.199591  0.255957  0.000041 0.005454 0.002210
-0.017770 0.276273  0.230758  0.000293 0.005378 0.001471
-0.016849 0.228031  0.206029 -0.000178 0.005498 0.001626
-0.015197 0.101624  0.179817  0.000748 0.005781 0.001949
-0.052001 0.104875  0.172948  0.000877 0.006032 0.001611
-0.099203 0.132113  0.189530  0.000644 0.006133 0.000757
-0.080470 0.176832  0.152554  0.000987 0.005947 0.001277
-0.072622 0.206360  0.129030  0.000838 0.005990 0.001190
-0.058917 0.232231  0.216658  0.000583 0.006166 0.001360
-0.052162 0.192460  0.283241 -0.000491 0.006185 0.001291
-0.032168 0.204713  0.275759  0.000111 0.006410 0.001386
-0.030906 0.225851  0.334762 -0.000540 0.006283 0.001495
-0.039909 0.156098  0.313487  0.000023 0.006173 0.001640
-0.033860 0.142269  0.312394  0.000727 0.006332 0.001870
-0.035551 0.183063  0.328877  0.000219 0.006107 0.002112
-0.044831 0.163413  0.302259  0.000692 0.005974 0.002049
-0.061369 0.154891  0.317587  0.000547 0.005966 0.001944
-0.061091 0.203505  0.314174  0.000587 0.005570 0.002563
-0.036049 0.276038  0.244312  0.000096 0.005133 0.001938
-0.033954 0.105277  0.228740  0.001140 0.005471 0.002176
-0.038127 0.125584  0.259513  0.001820 0.005997 0.002066
-0.044929 0.171246  0.219730  0.002776 0.006011 0.002138
-0.051633 0.187539  0.215303  0.002620 0.006764 0.002415
-0.060211 0.222376  0.210157  0.003061 0.007086 0.002610
-0.054502 0.226249  0.194279  0.003585 0.007391 0.002836
-0.048878 0.201041  0.198852  0.003768 0.007356 0.002393
-0.066277 0.198794  0.214619  0.003125 0.007208 0.002549
-0.072156 0.189558  0.193961  0.004189 0.007216 0.002546
-0.062086 0.166202  0.213413  0.003122 0.006801 0.002462
-0.052817 0.158173  0.145258  0.004348 0.006433 0.002193
-0.026205 0.133437  0.088264  0.003473 0.006760 0.001919
 0.009828 0.151985  0.116205  0.001316 0.005833 0.002852
-0.026017 0.182929  0.205037  0.001702 0.006014 0.003912
-0.012960 0.217339  0.251127  0.002027 0.006458 0.004361
-0.006234 0.204368  0.163549  0.002533 0.006878 0.004110
-0.018283 0.261908  0.299064  0.001875 0.007131 0.004091
-0.018857 0.216037  0.320288  0.003268 0.007332 0.004333
-0.024955 0.153072  0.292889  0.002870 0.007415 0.004256
-0.012682 0.203775  0.307605  0.002717 0.007372 0.004626
-0.008004 0.131753  0.227799  0.002958 0.007329 0.004517
-0.036344 0.114613  0.195949  0.002404 0.006435 0.004492
-0.070848 0.167157  0.209369  0.003146 0.006259 0.004691
-0.065772 0.218696  0.233713  0.002565 0.006493 0.004659
-0.057378 0.259031  0.272642  0.002225 0.006475 0.004544
-0.053668 0.231228  0.264395  0.002597 0.006455 0.004473
-0.049891 0.220656  0.262113  0.002360 0.006647 0.004328
-0.053982 0.214628  0.218508  0.004030 0.006665 0.004291
-0.049980 0.219947  0.286705  0.002686 0.006694 0.004331
-0.047084 0.159420  0.298369  0.002422 0.006901 0.004078
-0.042103 0.162221  0.258775  0.004034 0.006696 0.004073
-0.035052 0.193199  0.302830  0.002867 0.006611 0.004136
-0.016066 0.204845  0.255456  0.002416 0.006417 0.004116
-0.013205 0.148719  0.207128  0.002954 0.006138 0.003976
-0.037165 0.157806  0.244339  0.002222 0.006552 0.003900
-0.049853 0.190222  0.183326  0.005058 0.006616 0.003818
-0.043455 0.224084  0.285159  0.002274 0.006706 0.004037
-0.032127 0.229190  0.277101  0.003075 0.006667 0.003933
-0.031486 0.198113  0.267073  0.003224 0.007321 0.003703
-0.027121 0.175071  0.286605  0.003028 0.006791 0.003683
-0.027284 0.208890  0.321634  0.002668 0.006251 0.004034
-0.013198 0.251411  0.341535  0.002434 0.005476 0.003050
-0.000261 0.168578  0.306861  0.001896 0.004355 0.002805
-0.080799 0.040520  0.219550  0.001656 0.004839 0.003004
-0.071377 0.104379  0.198926  0.002440 0.005543 0.003096
-0.069767 0.182081  0.195184  0.002101 0.005643 0.003142
-0.081460 0.229966  0.227960  0.002406 0.005930 0.003048
-0.102412 0.235129  0.226132  0.002389 0.006038 0.002356
-0.092756 0.242367  0.228997  0.001855 0.005486 0.002715
-0.095438 0.249960  0.201856  0.002851 0.006049 0.002603
-0.088391 0.237729  0.236084  0.002213 0.006353 0.002745
-0.085957 0.198106  0.249633  0.002404 0.006108 0.002707
-0.080097 0.150314  0.273290  0.002520 0.006362 0.002885
-0.084533 0.133866  0.292059  0.002150 0.005963 0.002758
-0.082443 0.130173  0.285328  0.002142 0.006243 0.002727
-0.085125 0.158728  0.312959  0.001447 0.006302 0.002630
-0.081456 0.206842  0.317097  0.001924 0.006569 0.002896
-0.082448 0.172024  0.306867  0.002572 0.006801 0.002720
-0.088469 0.195395  0.308397  0.002605 0.006548 0.002776
-0.087208 0.200477  0.295652  0.002275 0.006404 0.002831
-0.086937 0.193582  0.276042  0.002326 0.006622 0.002733
-0.083103 0.200244  0.282357  0.002031 0.006589 0.002543
-0.078462 0.173522  0.258500  0.002235 0.006556 0.002693
-0.083461 0.149296  0.270990  0.002014 0.006200 0.002418
-0.083619 0.163607  0.261053  0.002173 0.006350 0.002366
-0.084245 0.151548  0.244212  0.002025 0.006209 0.002260
-0.087827 0.141986  0.244164  0.001550 0.006313 0.002239
-0.085160 0.181928  0.226353  0.002362 0.006094 0.002239
-0.079504 0.195343  0.209226  0.003038 0.005938 0.002298
-0.073986 0.157949  0.237754  0.001043 0.006331 0.002370
-0.077538 0.208133  0.258841  0.001767 0.007117 0.002909
-0.061866 0.187749  0.244530  0.000760 0.006268 0.002722
-0.073938 0.180093  0.216454  0.003374 0.006582 0.001996
-0.065437 0.186118  0.241016  0.002207 0.006684 0.002239
-0.042085 0.196655  0.218779  0.001779 0.006870 0.002210
-0.050267 0.153317  0.230178  0.001961 0.006901 0.002437
-0.052473 0.151406  0.228081  0.001982 0.006871 0.002370
-0.054671 0.185404  0.243662  0.001697 0.006840 0.002423
-0.058095 0.175705  0.223562  0.002217 0.006810 0.002293
-0.059376 0.169522  0.225993  0.001797 0.007323 0.002316
-0.057836 0.220923  0.243826  0.002029 0.006925 0.002267
-0.045443 0.214632  0.242100  0.001507 0.006874 0.002549
-0.032817 0.169919  0.248611  0.002178 0.007133 0.002668
 0.002881 0.185025  0.223143  0.002499 0.007099 0.002995
-0.010679 0.190046  0.216294  0.002250 0.007624 0.002798
-0.025338 0.224208  0.221489  0.002628 0.006899 0.002784
-0.034250 0.169105  0.212487  0.001197 0.006662 0.002407
-0.050181 0.130723  0.204528  0.001687 0.006389 0.002135
-0.045807 0.158472  0.167721  0.002660 0.006535 0.002316
-0.036123 0.209951  0.198490  0.001617 0.006085 0.002423
-0.051226 0.155410  0.174790  0.001780 0.006674 0.002311
-0.062097 0.187732  0.240667  0.000467 0.006148 0.002322
-0.044540 0.213656  0.174594  0.002393 0.006790 0.002544
-0.042165 0.240187  0.166221  0.002145 0.007042 0.002642
-0.029215 0.217394  0.176325  0.001279 0.006013 0.002468
-0.031204 0.177414  0.117837  0.002568 0.005623 0.002322
-0.032225 0.171350  0.157558  0.001992 0.005631 0.002456
-0.032499 0.211026  0.153281  0.002293 0.005910 0.002588
-0.031702 0.177324  0.097663  0.004233 0.005879 0.002490
-0.027902 0.163290  0.176110  0.001935 0.005944 0.002639
-0.025297 0.214981  0.204813  0.001683 0.005852 0.002823
-0.026272 0.181889  0.165692  0.001828 0.006397 0.002739
-0.040198 0.150995  0.206151  0.001950 0.006293 0.002532
-0.033512 0.187287  0.187913  0.002693 0.006237 0.002634
-0.022046 0.207639  0.225163  0.001571 0.006050 0.003046
-0.031629 0.187068  0.197324  0.001716 0.006786 0.002704
-0.035953 0.188229  0.230652  0.001098 0.005697 0.002807
-0.029324 0.235081  0.203461  0.001437 0.005669 0.002901
-0.038657 0.156403  0.206354  0.002056 0.005646 0.002773
-0.044958 0.123228  0.218079  0.001807 0.006081 0.002465
-0.063995 0.160818  0.200870  0.001720 0.005818 0.001833
-0.049808 0.189440  0.210630  0.001837 0.005559 0.002224
-0.049940 0.178121  0.217080  0.000924 0.005532 0.002229
-0.052939 0.161534  0.210117  0.002238 0.006045 0.002373
-0.043755 0.212900  0.242399  0.002072 0.006477 0.002565
-0.037765 0.221992  0.219183  0.002331 0.006103 0.002305
-0.029979 0.191471  0.210476  0.002556 0.006018 0.002525
-0.024447 0.203623  0.243958  0.001903 0.005804 0.002873
-0.027885 0.218309  0.239386  0.002634 0.005665 0.002873
-0.028761 0.157051  0.228868  0.001753 0.005809 0.002634
-0.033663 0.151350  0.178970  0.002988 0.006024 0.002480
-0.024648 0.211353  0.226172  0.001761 0.005708 0.002721
-0.026541 0.188025  0.202339  0.001074 0.005561 0.002525
-0.044618 0.111578  0.249874  0.001799 0.005748 0.002460
-0.040807 0.176581  0.249943  0.002543 0.005836 0.002822
-0.040780 0.217130  0.219054  0.002184 0.005611 0.002853
-0.053972 0.158244  0.237350  0.001797 0.005606 0.002710
-0.060116 0.192745  0.250859  0.002231 0.005636 0.002490
-0.049027 0.222774  0.232774  0.001544 0.005523 0.002579
-0.052751 0.164007  0.215426  0.001904 0.005515 0.002514
-0.056240 0.165075  0.217916  0.001201 0.005795 0.002067
-0.051661 0.215524  0.182950  0.002510 0.005019 0.002083
-0.048679 0.178440  0.181266  0.001842 0.006071 0.002162
-0.057647 0.176454  0.188471  0.002050 0.005601 0.002108
-0.045915 0.227097  0.195407  0.002430 0.005387 0.002070
-0.047804 0.185992  0.215742  0.002260 0.005449 0.002351
-0.044905 0.171635  0.229747  0.003036 0.005765 0.002393
-0.037097 0.198269  0.259571  0.002054 0.005544 0.002697
-0.045165 0.198796  0.202447  0.003104 0.005960 0.002502
-0.044149 0.157307  0.252779  0.001915 0.006090 0.002436
-0.039722 0.197647  0.232543  0.002964 0.005557 0.002413
-0.021368 0.221118  0.223859  0.002582 0.006036 0.002579
-0.007739 0.151045  0.217853  0.003533 0.005915 0.002563
-0.019762 0.162039  0.239080  0.002376 0.005765 0.002356
-0.026404 0.208790  0.221138  0.003019 0.005780 0.002399
-0.027120 0.207669  0.190130  0.002401 0.006398 0.002399
-0.031883 0.137812  0.215601  0.002112 0.005740 0.002220
-0.030635 0.175583  0.146893  0.003976 0.005650 0.002357
-0.027051 0.212879  0.213997  0.001755 0.005888 0.002235
-0.038734 0.169239  0.185503  0.001990 0.005591 0.001839
-0.065085 0.160107  0.173408  0.002599 0.007102 0.001658
-0.051669 0.201077  0.209786  0.001583 0.005709 0.001974
-0.049695 0.211037  0.153810  0.002787 0.006431 0.001897
-0.057343 0.162158  0.160534  0.003205 0.006441 0.001902
-0.029421 0.196133  0.204735  0.001418 0.005661 0.002321
 0.018408 0.284889  0.219943  0.000708 0.005280 0.001898
 0.040342 0.242050  0.105759  0.003112 0.004356 0.001943
-0.044105 0.075630  0.058680  0.000101 0.004169 0.002645
-0.019277 0.095807  0.022463  0.002339 0.003990 0.002420
-0.022172 0.152663  0.061034  0.001526 0.004231 0.002892
-0.026491 0.198678  0.067782  0.001087 0.004665 0.003100
-0.041943 0.215665  0.015431  0.003370 0.005065 0.002884
-0.052734 0.248615 -0.028626  0.005628 0.004955 0.002834
-0.066904 0.238783  0.145385  0.002493 0.005636 0.003074
-0.063901 0.214732  0.203047  0.001787 0.005536 0.003223
-0.072914 0.209634  0.185673  0.003493 0.006014 0.003038
-0.064934 0.171582  0.254238  0.002742 0.006369 0.003073
-0.063903 0.144652  0.270635  0.002129 0.006173 0.003175
-0.072490 0.163841  0.260857  0.003117 0.006894 0.002945
-0.059220 0.197306  0.327195  0.001613 0.006623 0.003344
-0.053865 0.151731  0.316089  0.002302 0.006595 0.003605
-0.058485 0.166468  0.318876  0.001968 0.006342 0.003569
-0.060443 0.185135  0.288139  0.001983 0.006218 0.003378
-0.055777 0.189911  0.260486  0.002167 0.006159 0.003419
-0.056000 0.209368  0.278727  0.001309 0.006195 0.003302
-0.054421 0.224749  0.271952  0.000801 0.006117 0.003232
-0.052027 0.172464  0.217301  0.001461 0.006115 0.003223
-0.044881 0.194943  0.199453  0.001213 0.006427 0.003072
-0.041139 0.204888  0.218693  0.001429 0.005859 0.003383
-0.048012 0.143563  0.171167  0.001318 0.006107 0.003131
-0.043213 0.164447  0.164114  0.001274 0.006130 0.003389
-0.042957 0.194392  0.209253  0.001291 0.006009 0.003642
-0.036558 0.163701  0.172312  0.002070 0.006066 0.003283
-0.042307 0.179748  0.146154  0.003327 0.006108 0.003387
-0.041147 0.221302  0.229288  0.000029 0.005669 0.003768
-0.034970 0.154933  0.225376  0.000558 0.005705 0.003671
-0.027921 0.147120  0.244700 -0.000024 0.005669 0.003766
-0.026377 0.199324  0.219857  0.000986 0.005783 0.003986
-0.020786 0.212923  0.198572  0.001000 0.005425 0.003909
-0.018813 0.221402  0.181659  0.000972 0.005122 0.003907
-0.031838 0.174727  0.223339  0.001405 0.005396 0.003717
-0.031144 0.207504  0.252407  0.001129 0.005482 0.003735
-0.030709 0.175385  0.245797  0.000741 0.005521 0.003546
-0.039816 0.124700  0.265404  0.001502 0.005904 0.003316
-0.048502 0.141410  0.264539  0.001444 0.006011 0.003134
-0.059841 0.166079  0.271005  0.001328 0.005875 0.003174
-0.055447 0.227302  0.277565  0.001221 0.005661 0.003232
-0.044161 0.164526  0.241447  0.002957 0.005758 0.003408
-0.041698 0.171953  0.277937  0.001519 0.005978 0.003292
-0.052584 0.217718  0.327039  0.001279 0.005925 0.003707
-0.049237 0.210010  0.272213  0.001650 0.005621 0.003751
-0.053688 0.152697  0.266212  0.000835 0.005612 0.003420
-0.048030 0.168008  0.297136  0.000496 0.006057 0.003368
-0.036850 0.216734  0.308483  0.000625 0.006478 0.003595
-0.036867 0.157402  0.293663  0.000994 0.005727 0.003582
-0.041434 0.168722  0.301200  0.000944 0.005722 0.003628
-0.041045 0.233893  0.252709  0.003159 0.006308 0.003671
-0.027736 0.172650  0.301039  0.001392 0.005983 0.003613
-0.029624 0.166684  0.312961  0.001231 0.006067 0.003670
-0.034182 0.216578  0.322518  0.001497 0.005849 0.003807
-0.027902 0.205237  0.296604  0.000878 0.006348 0.003571
-0.036017 0.135764  0.281891  0.001252 0.006087 0.003352
-0.044179 0.151873  0.285847  0.001146 0.006060 0.003208
-0.042445 0.196756  0.299467  0.001073 0.006167 0.003218
-0.041220 0.187440  0.251503  0.002224 0.005925 0.003112
-0.038758 0.205992  0.306784  0.001230 0.005767 0.003223
-0.039388 0.220699  0.273589  0.002429 0.006209 0.003339
-0.025471 0.171633  0.285537  0.001909 0.006179 0.003437
-0.011050 0.235616  0.279991  0.001704 0.006150 0.003685
-0.016785 0.159042  0.269685  0.001581 0.005895 0.003434
-0.033340 0.151862  0.280568  0.001484 0.005906 0.003251
-0.029165 0.212356  0.280783  0.001663 0.006120 0.003364
-0.040528 0.179405  0.273669  0.001858 0.006269 0.003388
-0.044060 0.154406  0.291027  0.001742 0.005999 0.003498
-0.038215 0.219547  0.302747  0.001253 0.006170 0.003419
-0.045179 0.173789  0.288445  0.001379 0.006237 0.003182
-0.054154 0.143975  0.281503  0.002282 0.006319 0.003231
-0.051720 0.197845  0.314526  0.001444 0.006408 0.003195
-0.057217 0.181176  0.289131  0.001378 0.006347 0.003155
-0.051705 0.143199  0.296982  0.001483 0.006586 0.003002
-0.034869 0.208268  0.288529  0.001548 0.006026 0.003610
-0.046492 0.184956  0.289540  0.000329 0.005911 0.003286
-0.038718 0.172826  0.295963  0.001219 0.006496 0.003420
-0.034055 0.229301  0.272994  0.001104 0.005974 0.003471
-0.039735 0.156679  0.295118  0.001454 0.006233 0.003374
-0.022347 0.151446  0.283833  0.001603 0.005928 0.003551
-0.024309 0.161092  0.291552  0.001528 0.006124 0.003424
-0.040646 0.188486  0.290253  0.001919 0.005745 0.003127
-0.042550 0.150025  0.272117  0.001007 0.006085 0.003137
-0.044697 0.183029  0.182325  0.003401 0.005830 0.003143
-0.037180 0.229538  0.259933  0.001106 0.005729 0.003231
-0.038419 0.169197  0.223243  0.000909 0.006178 0.003107
-0.039063 0.175017  0.195652  0.001834 0.005448 0.002942
-0.051871 0.242142  0.263507  0.000257 0.005419 0.002816
-0.056509 0.131832  0.223562  0.000627 0.006505 0.002639
-0.037142 0.142616  0.188800  0.000583 0.006121 0.003035
-0.014972 0.208870  0.164332  0.000487 0.005904 0.003636
 0.035539 0.234844  0.106028  0.002034 0.003896 0.004467
 0.028684 0.226576  0.176004  0.000753 0.004397 0.004421
 0.013245 0.237835  0.269554  0.000008 0.004838 0.004149
-0.037341 0.208446  0.333691 -0.000680 0.006013 0.002935
-0.079587 0.102792  0.310279  0.000591 0.006788 0.002829
-0.079649 0.141646  0.370327 -0.000886 0.006714 0.002949
-0.067982 0.153831  0.343006  0.000015 0.006502 0.002955
-0.076847 0.107782  0.314482  0.000143 0.007106 0.002591
-0.095637 0.133850  0.304397  0.000414 0.006522 0.001997
-0.089779 0.216793  0.309922  0.000549 0.006999 0.002405
-0.092071 0.219279  0.289835  0.000947 0.006721 0.002495
-0.094259 0.170651  0.321285  0.000140 0.007103 0.002353
-0.099327 0.204069  0.309758  0.000612 0.007342 0.002412
-0.100220 0.220140  0.325649 -0.000031 0.006969 0.002595
-0.110402 0.134463  0.245737  0.001060 0.006737 0.002379
-0.122037 0.158995  0.285448 -0.000809 0.007074 0.002340
-0.120272 0.190468  0.255379  0.000167 0.006628 0.002551
-0.122605 0.129786  0.243182  0.000472 0.007426 0.002180
-0.104453 0.188421  0.306391 -0.000124 0.006830 0.002626
-0.072991 0.171773  0.280187 -0.001008 0.005671 0.003078
-0.099739 0.171723  0.274251 -0.001851 0.006526 0.002423
-0.139949 0.157512  0.235290  0.000085 0.006808 0.002677
-0.109803 0.217482  0.295974 -0.000445 0.007063 0.002741
-0.099988 0.217464  0.254675  0.000461 0.006652 0.002706
-0.081368 0.192745  0.287696  0.000143 0.006903 0.002694
-0.067424 0.187490  0.279994  0.000452 0.006617 0.002862
-0.091043 0.169780  0.288835  0.000244 0.006921 0.002738
-0.089973 0.192233  0.308024 -0.000177 0.007015 0.002730
-0.101322 0.184283  0.292743 -0.000427 0.006936 0.002249
-0.135907 0.134580  0.273090 -0.000075 0.007169 0.001720
-0.127349 0.140712  0.255566 -0.000991 0.007548 0.002035
-0.111264 0.225707  0.245449 -0.000104 0.006163 0.002469
-0.104674 0.168712  0.215874  0.000380 0.007329 0.002138
-0.010194 0.168197  0.174727  0.000066 0.004700 0.002976
 0.038005 0.251033  0.213622  0.000973 0.002768 0.003703
 0.038910 0.210581  0.225754  0.000759 0.002738 0.003092
 0.026834 0.193092  0.216263  0.002409 0.002877 0.003105
 0.035144 0.237102  0.257469  0.001853 0.002798 0.003099
 0.021674 0.198480  0.249554  0.002455 0.003916 0.002684
 0.003982 0.144073  0.318275  0.002778 0.004642 0.002258
 0.000895 0.187317  0.305410  0.003258 0.004761 0.002272
 0.005329 0.159324  0.308520  0.003096 0.005110 0.002742
 0.009109 0.163380  0.303285  0.003554 0.005637 0.002743
 0.025848 0.210860  0.319083  0.002174 0.005290 0.002868
 0.029788 0.177504  0.304103  0.002692 0.005583 0.002931
 0.020881 0.177740  0.284066  0.003271 0.005482 0.002949
 0.018570 0.221403  0.303679  0.002742 0.006213 0.003022
 0.006709 0.187388  0.267174  0.002480 0.005782 0.003204
-0.031494 0.149897  0.232467  0.003597 0.007094 0.002814
-0.018987 0.180185  0.201372  0.002835 0.005792 0.002746
-0.016854 0.183396  0.197083  0.002321 0.005100 0.002776
-0.042305 0.122370  0.189132  0.002960 0.006134 0.002742
-0.057926 0.152571  0.208752  0.002988 0.006808 0.002452
-0.061594 0.189408  0.194789  0.002924 0.006640 0.002468
-0.053941 0.161054  0.183033  0.002966 0.006987 0.002484
-0.049190 0.171960  0.219331  0.003159 0.006452 0.002672
-0.007242 0.204333  0.286503  0.002465 0.005716 0.002517
 0.015592 0.197410  0.213590  0.002177 0.004871 0.002534
 0.008878 0.173913  0.162548  0.001688 0.005723 0.002551
 0.000752 0.187203  0.108116  0.001631 0.004955 0.002193
-0.016706 0.214473  0.098379  0.002284 0.005690 0.002388
-0.025610 0.252576  0.152562  0.001943 0.006135 0.002410
-0.039081 0.192799  0.081424  0.003067 0.006879 0.002410
-0.056356 0.163970  0.105451  0.003146 0.006140 0.002692
-0.051781 0.202326  0.142526  0.001986 0.005946 0.002616
-0.059418 0.155111  0.106438  0.003450 0.006073 0.002640
-0.081381 0.137018  0.106624  0.003261 0.006196 0.002610
-0.089730 0.168344  0.118538  0.003160 0.007518 0.002349
-0.081253 0.220203  0.121372  0.003681 0.006132 0.002536