-0.035643  0.099244 -0.700500 0.014287 0.001256  0.000393
-0.065656  0.123785 -0.621064 0.013414 0.001889 -0.000287
-0.094634  0.094594 -0.564204 0.013164 0.002242 -0.000367
-0.116088  0.092276 -0.598955 0.014307 0.001778 -0.000699
-0.104698  0.136286 -0.566265 0.012718 0.001850 -0.000798
-0.121796  0.114707 -0.537860 0.012694 0.002011 -0.001326
-0.148249  0.093434 -0.489335 0.012526 0.002147 -0.001753
-0.145826  0.133251 -0.442563 0.011952 0.001766 -0.001973
-0.139265  0.132948 -0.462799 0.012370 0.001611 -0.002090
-0.104350  0.077911 -0.543715 0.014888 0.001829 -0.000092
-0.124916 -0.052623 -0.732686 0.020454 0.001484  0.001226
-0.098941 -0.094749 -0.962690 0.026600 0.004127  0.002052
-0.018343 -0.049726 -0.780027 0.018433 0.003545  0.001223
-0.043563  0.011284 -0.744544 0.017691 0.004581  0.000927
-0.063324  0.118898 -0.757447 0.018524 0.004557  0.000605
-0.088935  0.173738 -0.731732 0.018276 0.004649  0.000724
-0.104078  0.225580 -0.690169 0.018535 0.004688  0.000713
-0.106801  0.170375 -0.695764 0.018469 0.004751  0.000420
-0.133220  0.114475 -0.630230 0.017002 0.004563 -0.000182
-0.161773  0.087168 -0.651308 0.017733 0.004463 -0.000721
-0.137435  0.111610 -0.669629 0.018366 0.004828 -0.000177
-0.135244  0.081282 -0.698613 0.018387 0.005124 -0.000277
-0.136222  0.057580 -0.695998 0.018319 0.005152 -0.000211
-0.129404  0.095623 -0.656991 0.017523 0.004932 -0.000084
-0.100457  0.137441 -0.725551 0.019180 0.005387  0.000106
-0.111104  0.126995 -0.771028 0.021442 0.004751 -0.000028
-0.117586  0.119605 -0.669559 0.018901 0.004482 -0.000196
-0.103212  0.187858 -0.680241 0.018622 0.004751 -0.000065
-0.104415  0.123449 -0.681933 0.018456 0.004892 -0.000224
-0.102953  0.079292 -0.685179 0.016937 0.005008 -0.000178
-0.091965  0.103322 -0.730697 0.018771 0.005506  0.000238
-0.038924  0.112032 -0.720306 0.018433 0.005527  0.001311
-0.025356  0.140065 -0.719519 0.018124 0.005165  0.001316
-0.047141  0.151875 -0.720647 0.017938 0.005231  0.001172
-0.041750  0.138979 -0.735537 0.017323 0.005538  0.001036
-0.060915  0.093418 -0.717475 0.017840 0.005290  0.000854
-0.066568  0.083932 -0.710353 0.017912 0.005340  0.000786
-0.071185  0.115304 -0.697694 0.017666 0.005641  0.000857
-0.077458  0.142219 -0.714939 0.017738 0.005887  0.000910
-0.083188  0.103149 -0.706269 0.018466 0.006102  0.001021
-0.097304  0.140489 -0.733804 0.020214 0.006384  0.000877
-0.098098  0.157454 -0.699728 0.018472 0.006163  0.000547
-0.101258  0.145111 -0.733186 0.018795 0.006221  0.000555
-0.093730  0.211764 -0.731406 0.018965 0.006170  0.000563
-0.089136  0.191485 -0.750984 0.019255 0.006338  0.000459
-0.102954  0.103469 -0.739217 0.019042 0.006041  0.000435
-0.101396  0.119100 -0.739574 0.018728 0.005677  0.000065
-0.090883  0.166781 -0.690709 0.017367 0.005867  0.000307
-0.097812  0.143729 -0.691025 0.017958 0.005816  0.000160
-0.110352  0.097335 -0.656503 0.018821 0.005742  0.000189
-0.090930  0.133144 -0.649703 0.018165 0.005618  0.000569
-0.061289  0.167769 -0.667328 0.017300 0.005364  0.000837
-0.057082  0.105199 -0.646328 0.016867 0.004603  0.001187
-0.049084  0.034214 -0.664359 0.018630 0.004181  0.001868
-0.041992 -0.026387 -0.723783 0.021014 0.004129  0.002096
-0.035188 -0.019464 -0.761942 0.020016 0.004865  0.001526
-0.036811  0.030897 -0.758415 0.019937 0.005091  0.001308
-0.074101  0.167635 -0.766379 0.020454 0.005609  0.000678
-0.078223  0.232467 -0.729250 0.020058 0.004600  0.000432
-0.092784  0.185259 -0.726935 0.019571 0.004616  0.000063
-0.105105  0.139091 -0.699412 0.019828 0.004589 -0.000067
-0.093776  0.085836 -0.661584 0.019261 0.004738 -0.000117
-0.094937  0.101368 -0.618181 0.017276 0.005007 -0.000160
-0.100548  0.109919 -0.625650 0.016517 0.005020 -0.000188
-0.103407  0.136369 -0.638615 0.017748 0.005101 -0.000395
-0.103493  0.102769 -0.690024 0.018672 0.005179 -0.000394
-0.115199  0.108207 -0.678156 0.018304 0.005164 -0.000511
-0.100905  0.172541 -0.717048 0.020248 0.004938 -0.000116
-0.086711  0.124339 -0.729264 0.019785 0.006141  0.000250
-0.068127  0.166700 -0.728129 0.018018 0.005131  0.000491
-0.051474  0.128594 -0.740786 0.018003 0.004465  0.000705
-0.064947  0.153860 -0.793667 0.019105 0.004741  0.000837
-0.082857  0.180952 -0.780061 0.018405 0.004171  0.000331
-0.093018  0.181194 -0.797457 0.020280 0.004006  0.000326
-0.072815  0.172882 -0.791090 0.020020 0.004553  0.000455
-0.035121  0.146223 -0.748398 0.017375 0.004542  0.000341
-0.057540  0.105367 -0.758628 0.018463 0.004315 -0.000069
-0.064834  0.070548 -0.769566 0.019140 0.004243 -0.000240
-0.071052  0.088310 -0.692168 0.017952 0.003695 -0.000269
-0.064657  0.137307 -0.685262 0.018456 0.002962 -0.000807
-0.041592  0.155816 -0.671879 0.017770 0.004232  0.000770
-0.040117  0.180092 -0.671370 0.017244 0.004597  0.000854
-0.059974  0.151821 -0.686292 0.018839 0.004439  0.000865
-0.063602  0.143849 -0.686527 0.018336 0.004710  0.000422
-0.076021  0.159429 -0.708017 0.018170 0.005127  0.000144
-0.087804  0.158434 -0.662516 0.017986 0.004418 -0.000246
-0.081457  0.158219 -0.651311 0.017684 0.004604 -0.000146
-0.091767  0.078949 -0.640538 0.017742 0.004234 -0.000029
-0.071077  0.119802 -0.619766 0.016547 0.004453  0.000243
-0.044813  0.164975 -0.632736 0.017391 0.004545  0.001087
-0.018841  0.144141 -0.891701 0.020361 0.004680  0.002101
 0.010863 -0.051015 -1.049093 0.021067 0.004135  0.002875
 0.017331 -0.129833 -1.126282 0.022958 0.003629  0.003076
 0.021915 -0.184536 -1.140083 0.024465 0.003425  0.003380
 0.043673 -0.143217 -1.076064 0.020278 0.003271  0.003039
 0.039895 -0.058322 -0.985414 0.018839 0.002858  0.002021
 0.038302  0.103240 -0.860176 0.018667 0.003174  0.002154
 0.030875  0.195707 -0.867756 0.019238 0.003302  0.002372
 0.026387  0.292977 -0.852519 0.019978 0.003127  0.002415
 0.012990  0.262178 -0.798632 0.019521 0.003443  0.002186
 0.005062  0.232721 -0.820225 0.021084 0.003506  0.002213
-0.001730  0.168758 -0.825454 0.021500 0.003558  0.002169
 0.000951  0.056541 -0.780627 0.020252 0.004214  0.002357
-0.026025  0.033027 -0.759291 0.019932 0.004460  0.001838
-0.032905 -0.021506 -0.762636 0.020134 0.004512  0.001525
-0.033846  0.053455 -0.855001 0.023391 0.004369  0.001828
-0.030168  0.124732 -0.798819 0.022525 0.004281  0.001858
-0.036538  0.102174 -0.779108 0.019731 0.004067  0.001695
-0.032763  0.164356 -0.776748 0.019125 0.004164  0.001445
-0.030806  0.236262 -0.761096 0.019855 0.004439  0.001785
-0.013850  0.226584 -0.749936 0.020693 0.004275  0.002216
-0.025971  0.190051 -0.765897 0.020650 0.004628  0.002313
-0.030433  0.105417 -0.684621 0.019085 0.004326  0.001943
-0.046497  0.109390 -0.711610 0.020903 0.003909  0.001643
-0.028475  0.088945 -0.609871 0.015503 0.003686  0.001914
-0.047233  0.005463 -0.634759 0.015989 0.004053  0.001146
-0.051931  0.001736 -0.619553 0.016171 0.004259  0.001172
-0.055334  0.062998 -0.641760 0.017088 0.003792  0.001198
-0.060567  0.159048 -0.697589 0.018362 0.003486  0.001353
-0.063548  0.113870 -0.667476 0.017056 0.003623  0.001258
-0.068452  0.130537 -0.665363 0.017836 0.003445  0.001301
-0.074843  0.160623 -0.702260 0.019187 0.003511  0.001486
-0.075362  0.136026 -0.675257 0.018123 0.003349  0.001316
-0.093224  0.118341 -0.634791 0.016951 0.003868  0.000949
-0.106978  0.157068 -0.660929 0.017913 0.003593  0.000493
-0.097137  0.130928 -0.739309 0.019573 0.004335  0.000458
-0.094874  0.050367 -0.835173 0.018393 0.004898  0.000617
-0.077469  0.141054 -0.856317 0.020993 0.005125  0.000864
-0.083011  0.143328 -0.835219 0.019416 0.004892  0.000399
-0.082146  0.094999 -0.804719 0.018894 0.005068  0.000284
-0.069329  0.170390 -0.843445 0.021754 0.004811  0.000593
-0.083463  0.140375 -0.776213 0.018488 0.004874  0.000323
-0.100102  0.168295 -0.807262 0.019412 0.004577  0.000166
-0.097599  0.147274 -0.779132 0.019681 0.004805  0.000367
-0.101995  0.141959 -0.763082 0.019177 0.004900  0.000231
-0.128004  0.093554 -0.769215 0.018206 0.004894 -0.000283
-0.107728  0.119056 -0.737008 0.019180 0.004445  0.000233
-0.073847  0.157630 -0.724117 0.018433 0.004168  0.000978
-0.089909  0.070937 -0.738193 0.017271 0.003982  0.000280
-0.116403  0.066037 -0.675598 0.017275 0.003591 -0.000264
-0.134664  0.072079 -0.656250 0.017346 0.003382 -0.000777
-0.122275  0.138642 -0.649387 0.017109 0.003423 -0.000073
-0.126076  0.127108 -0.654475 0.016952 0.003606 -0.000065
-0.126124  0.106711 -0.639374 0.017124 0.003618 -0.000147
-0.134081  0.123830 -0.638909 0.017076 0.003907 -0.000570
-0.144935  0.131874 -0.634336 0.016458 0.003799 -0.000711
-0.141940  0.152771 -0.604209 0.015908 0.004019 -0.000401
-0.140965  0.111220 -0.645671 0.017506 0.003893 -0.000427
-0.152299  0.086631 -0.628585 0.016922 0.003712 -0.000459
-0.142287  0.120502 -0.599167 0.015463 0.003752 -0.000307
-0.138956  0.141529 -0.663468 0.017764 0.003851 -0.000223
-0.137794  0.101339 -0.633897 0.016995 0.004044 -0.000009
-0.127763  0.101075 -0.602447 0.015965 0.004025 -0.000111
-0.115783  0.122279 -0.621279 0.016435 0.003870 -0.000022
-0.127577  0.115223 -0.628843 0.016464 0.004034 -0.000044
-0.128140  0.094586 -0.616856 0.015897 0.003967 -0.000170
-0.105490  0.155713 -0.618303 0.016556 0.004042  0.000307
-0.112247  0.160931 -0.543254 0.015168 0.003527  0.000079
-0.105767  0.063115 -0.556577 0.014499 0.003128 -0.000322
-0.109437  0.094416 -0.610745 0.014836 0.003663 -0.000507
-0.106839  0.080983 -0.718250 0.015506 0.003033 -0.000341
-0.129395  0.120430 -0.667567 0.015283 0.003246 -0.000883
-0.133425  0.138977 -0.640392 0.015758 0.003133 -0.000690
-0.136527  0.122640 -0.680497 0.017254 0.003565  0.000002
-0.150451  0.110816 -0.674873 0.016573 0.003680 -0.000331
-0.151567  0.108643 -0.745396 0.017634 0.003486 -0.000038
-0.147391  0.148943 -0.707607 0.017020 0.003523 -0.000201
-0.154012  0.111761 -0.716180 0.016369 0.003784 -0.000343
-0.150666  0.112310 -0.802339 0.017817 0.003491 -0.000562
-0.125308  0.191024 -0.743596 0.017780 0.003745  0.000037
-0.126326  0.127143 -0.718910 0.017016 0.004114 -0.000208
-0.139704  0.123410 -0.744909 0.017089 0.003739 -0.000467
-0.134868  0.152541 -0.700398 0.017325 0.003616 -0.000128
-0.113554  0.166147 -0.748928 0.019115 0.003781  0.000437
-0.132071  0.101349 -0.677465 0.015865 0.004026 -0.000054
-0.138302  0.126321 -0.707337 0.017119 0.003854 -0.000230
-0.106724  0.132667 -0.678771 0.018191 0.003923  0.000475
-0.109272  0.104574 -0.715252 0.017808 0.003892  0.000099
-0.118265  0.102408 -0.728133 0.018410 0.003699 -0.000072
-0.127378  0.148820 -0.725113 0.019206 0.003880 -0.000058
-0.138132  0.068911 -0.742035 0.018096 0.003750 -0.000708
-0.157028  0.063263 -0.784015 0.018292 0.003558 -0.001182
-0.147139  0.121373 -0.712785 0.018149 0.003597 -0.000737
-0.168750  0.097542 -0.741615 0.018579 0.003852 -0.001246
-0.180477  0.119624 -0.792160 0.017541 0.004032 -0.001610
-0.138156  0.129217 -0.712840 0.018553 0.003840 -0.000776
-0.132508  0.111460 -0.687966 0.018212 0.004242 -0.000741
-0.149056  0.092995 -0.720177 0.018487 0.004049 -0.000959
-0.138929  0.115094 -0.718622 0.018221 0.003836 -0.001081
-0.129925  0.105323 -0.720184 0.018307 0.003922 -0.000732
-0.158466  0.080758 -0.776639 0.019683 0.003662 -0.001292
-0.126885  0.125234 -0.717504 0.018567 0.004142 -0.000066
-0.123105  0.125508 -0.741439 0.018692 0.004445 -0.000114
-0.128752  0.119642 -0.778134 0.019545 0.004126 -0.000466
-0.113091  0.165576 -0.753281 0.018433 0.004068 -0.000268
-0.097637  0.144532 -0.740881 0.018944 0.004440 -0.000204
-0.092707  0.088567 -0.753137 0.019796 0.004322 -0.000122
-0.074276  0.128426 -0.746314 0.019659 0.004422 -0.000109
-0.070908  0.130419 -0.751940 0.019842 0.004791 -0.000572
-0.083942  0.099997 -0.741615 0.019234 0.004900 -0.000666
-0.088191  0.131209 -0.693659 0.017404 0.004434 -0.000191
-0.088423  0.145266 -0.772002 0.019226 0.004583 -0.000383
-0.100806  0.031672 -0.703188 0.016928 0.004701 -0.000276
-0.099928  0.052957 -0.740192 0.018664 0.004485 -0.000325
-0.082071  0.087123 -0.766146 0.018693 0.004394 -0.000043
-0.086475  0.124096 -0.785859 0.018868 0.004000 -0.000381
-0.087951  0.120799 -0.776793 0.018919 0.004126 -0.000622
-0.104826  0.135875 -0.737411 0.017772 0.004196 -0.000538
-0.115080  0.090286 -0.737273 0.018480 0.004182 -0.000644
-0.105836  0.132788 -0.675985 0.018541 0.004174 -0.000348
-0.097312  0.112774 -0.716438 0.019227 0.004078 -0.000277
-0.121337  0.032698 -0.723434 0.018670 0.004040 -0.000551
-0.110168  0.088339 -0.684408 0.017571 0.003503 -0.000384
-0.090453  0.128211 -0.716446 0.019613 0.003686  0.000046
-0.110281  0.057726 -0.688651 0.018351 0.003738 -0.000325
-0.113270  0.088613 -0.671039 0.018672 0.003816 -0.000305
-0.094924  0.144761 -0.652516 0.017740 0.004100  0.000095
-0.104452  0.129074 -0.741162 0.020277 0.003635  0.000009
-0.106446  0.102185 -0.674831 0.018567 0.003698  0.000142
-0.074375  0.136543 -0.616460 0.016361 0.003846  0.001048
-0.061783  0.087145 -0.629118 0.016648 0.003371  0.000720
-0.069298  0.082401 -0.710558 0.018434 0.003416  0.000635
-0.077915  0.084791 -0.693740 0.017051 0.003672  0.000471
-0.095536  0.098217 -0.693888 0.017281 0.003548  0.000112
-0.091962  0.163183 -0.644140 0.016338 0.003499  0.000069
-0.105642  0.104841 -0.657420 0.017139 0.003790 -0.000074
-0.133186  0.093160 -0.650807 0.017162 0.004052  0.000140
-0.146570  0.129307 -0.649373 0.017171 0.003961 -0.000284
-0.137152  0.102546 -0.667333 0.017503 0.004084  0.000009
-0.142415  0.086190 -0.687906 0.018725 0.003797 -0.000048
-0.133329  0.138146 -0.613552 0.016333 0.003782 -0.000123
-0.142060  0.098147 -0.641351 0.017925 0.003974 -0.000026
-0.140845  0.085245 -0.639179 0.018245 0.003999  0.000173
-0.126451  0.151818 -0.633009 0.017845 0.003704  0.000537
-0.126204  0.141002 -0.624440 0.016768 0.003512  0.000370
-0.135591  0.065937 -0.601485 0.016190 0.003730  0.000045
-0.112976  0.105743 -0.631595 0.017261 0.003393  0.000635
-0.109916  0.124723 -0.717344 0.016976 0.003189  0.001024
-0.132982  0.096320 -0.719743 0.017322 0.003296  0.000637
-0.126498  0.094023 -0.661849 0.016595 0.003480  0.000444
-0.095147  0.164022 -0.658051 0.016068 0.003294  0.000407
-0.137682  0.124744 -0.696006 0.016545 0.003463 -0.000282
-0.175740  0.080217 -0.621370 0.017446 0.003492 -0.000291
-0.139640  0.140205 -0.603091 0.016745 0.003285 -0.000906
-0.132149  0.155129 -0.600574 0.015803 0.002526 -0.001469
-0.154168  0.014181 -0.589522 0.016535 0.002717 -0.001740
-0.160057 -0.003002 -0.592266 0.015379 0.002991 -0.001369
-0.170154  0.043523 -0.612473 0.017724 0.002770 -0.001156
-0.155465  0.130497 -0.637835 0.016834 0.002882 -0.000719
-0.173623  0.121450 -0.669393 0.017394 0.002863 -0.000770
-0.180660  0.107486 -0.642551 0.016995 0.003573 -0.000960
-0.184445  0.119435 -0.655730 0.017064 0.003331 -0.000927
-0.175351  0.203235 -0.649813 0.016405 0.003357 -0.000961
-0.173978  0.157024 -0.664413 0.016652 0.003563 -0.000872
-0.157802  0.109248 -0.594767 0.016219 0.003294 -0.000637
-0.162002  0.139559 -0.654082 0.017636 0.003349 -0.000843
-0.168823  0.041348 -0.597929 0.017529 0.003172 -0.000697
-0.157343  0.094154 -0.638562 0.017429 0.003797 -0.000749
-0.127469  0.080986 -0.651580 0.017856 0.004186 -0.000600
-0.054167  0.109290 -0.720794 0.019270 0.005244 -0.000762
-0.063327  0.113973 -0.695128 0.019648 0.004694 -0.000798
-0.053278  0.154965 -0.700677 0.018695 0.004817 -0.000138
-0.057718  0.143500 -0.691533 0.018105 0.004681  0.000131
-0.065910  0.065961 -0.742036 0.019149 0.004697  0.000010
-0.054661  0.085178 -0.793902 0.019385 0.004643  0.000428
-0.030545  0.148759 -0.738191 0.018562 0.004558  0.000844
-0.020481  0.113627 -0.741376 0.017694 0.004871  0.001131
-0.023190  0.073718 -0.746308 0.019508 0.004523  0.001137
-0.015700  0.123877 -0.714902 0.018763 0.004503  0.001560
-0.011435  0.138098 -0.755116 0.018264 0.004687  0.001859
-0.042656  0.111154 -0.734966 0.018574 0.004506  0.001054
-0.072505  0.082565 -0.731403 0.017967 0.004835  0.000558
-0.061900  0.131825 -0.702205 0.018660 0.004812  0.000609
-0.057522  0.144282 -0.719981 0.018602 0.004776  0.000780
-0.054071  0.070437 -0.725733 0.018714 0.004689  0.000479
-0.041823  0.131026 -0.721735 0.018563 0.004352  0.000767
-0.039614  0.134190 -0.716492 0.018306 0.004594  0.000813
-0.055048  0.067711 -0.705537 0.017271 0.004743  0.000607
-0.046255  0.103959 -0.694982 0.017955 0.004535  0.000717
-0.017957  0.140016 -0.692278 0.018075 0.004476  0.000907
 0.013403  0.059399 -0.759548 0.018087 0.004728  0.001491
 0.007966  0.124600 -0.785894 0.018795 0.004842  0.001794
-0.003961  0.138560 -0.791242 0.018737 0.005172  0.001156
-0.031005  0.105544 -0.774073 0.018583 0.005812  0.000682
-0.013587  0.104085 -0.674749 0.016807 0.004632  0.000648
-0.019625  0.142147 -0.728192 0.017647 0.004823  0.001320
-0.023376  0.151880 -0.714386 0.017778 0.005242  0.001164
-0.032425  0.110116 -0.718992 0.017645 0.005528  0.001006
-0.037269  0.101670 -0.725626 0.018321 0.005282  0.000867
-0.049340  0.115963 -0.696287 0.017718 0.005417  0.000531
-0.053163  0.101573 -0.688984 0.017738 0.005494  0.000534
-0.057417  0.101771 -0.677913 0.017423 0.005707  0.000538
-0.055044  0.131097 -0.690810 0.017848 0.005780  0.000541
-0.063264  0.105032 -0.717014 0.016907 0.006008  0.000544
-0.068027  0.114430 -0.738751 0.017261 0.006323  0.000547
-0.063433  0.167230 -0.724465 0.018080 0.005737  0.000532
-0.048177  0.118009 -0.751554 0.017697 0.005017  0.000627
-0.061861  0.081725 -0.742110 0.017899 0.005216  0.000055
-0.071382  0.079607 -0.768382 0.018597 0.005446  0.000031
-0.057658  0.140584 -0.737449 0.018122 0.005288  0.000250
-0.040745  0.134037 -0.729538 0.017659 0.005474  0.000200
-0.057935  0.043180 -0.736693 0.018090 0.005103  0.000203
-0.074211  0.042720 -0.777622 0.018052 0.005264  0.000205
-0.082159  0.078026 -0.756467 0.018134 0.005109  0.000136
-0.075837  0.153810 -0.693041 0.016717 0.005220  0.000235
-0.073447  0.127290 -0.717871 0.018104 0.005045  0.000291
-0.070857  0.108233 -0.696534 0.018343 0.004707  0.000485
-0.070628  0.103798 -0.706398 0.018315 0.004887  0.000355
-0.074995  0.131858 -0.683952 0.017308 0.004916  0.000315
-0.066404  0.138875 -0.694996 0.016705 0.005072  0.000348
-0.092451  0.075439 -0.743254 0.019242 0.004770 -0.000012
-0.097735  0.076898 -0.744107 0.018461 0.005318  0.000054
-0.051629  0.141755 -0.762225 0.017055 0.005400  0.000712
-0.058950  0.161257 -0.782181 0.017894 0.004982  0.000132
-0.100151  0.063071 -0.783612 0.019051 0.005222 -0.000375
-0.134588  0.064787 -0.777297 0.017834 0.006348 -0.000247
-0.120449  0.094003 -0.732495 0.017789 0.005200 -0.000344
-0.111356  0.122330 -0.713297 0.018472 0.005672  0.000259
-0.097390  0.163455 -0.715261 0.018430 0.004991  0.000377
-0.131876  0.098677 -0.686248 0.018234 0.006395  0.000540
-0.181056  0.104627 -0.651609 0.017185 0.006567  0.000620
-0.179030  0.160506 -0.619655 0.016277 0.006187  0.000425
-0.176317  0.096716 -0.637929 0.016744 0.006312  0.000348
-0.192782  0.064845 -0.637063 0.017054 0.006452  0.000128
-0.174140  0.091443 -0.630854 0.017078 0.006079  0.000140
-0.114424  0.128407 -0.705973 0.018447 0.004619  0.000323
-0.115126  0.091480 -0.737014 0.018597 0.004183  0.000357
-0.114514  0.082728 -0.729153 0.019200 0.004170  0.000331
-0.107789  0.135964 -0.714371 0.019038 0.004519  0.000390
-0.111927  0.127802 -0.724343 0.018627 0.004657  0.000241
-0.115492  0.088593 -0.680198 0.018043 0.004175  0.000119
-0.116844  0.111896 -0.697631 0.018357 0.004060 -0.000019
-0.130877  0.139208 -0.688808 0.017674 0.003737 -0.000537
-0.141335  0.103079 -0.732351 0.018180 0.003856 -0.000795
-0.141174  0.096701 -0.769639 0.018150 0.003676 -0.000538
-0.117058  0.136349 -0.717538 0.017806 0.003961 -0.000428
-0.073031  0.188705 -0.574091 0.016845 0.003268 -0.000241
 0.007916  0.148802 -0.569059 0.017369 0.002135  0.000191
-0.031190 -0.040620 -0.594272 0.017173 0.000846  0.000522
-0.038505 -0.040755 -0.630871 0.017078 0.001416  0.000707
-0.052705  0.011841 -0.635292 0.017393 0.001744  0.000769
-0.061385  0.099156 -0.637225 0.017917 0.001705  0.000676
-0.074528  0.154355 -0.626218 0.017561 0.002166  0.000519
-0.076931  0.191883 -0.658430 0.018505 0.002436  0.000721
-0.085006  0.180421 -0.626276 0.017221 0.002554  0.000381
-0.084554  0.164818 -0.638107 0.017319 0.002603  0.000301
-0.091988  0.154788 -0.631211 0.017855 0.002397  0.001299
-0.063472  0.089407 -0.658464 0.017895 0.002027  0.001810