0.00608046940035356,0.0751361183035094,0.113628857293392,0.000848026805196401,-0.000349820828176372,-5.47741330865735e-05
0.0106436537085188,0.0552353130179464,0.0740844990967662,0.0016852363376533,-0.000400261201779672,4.08980811312771e-05
0.00286749618437766,0.0978658295139924,0.0907030818741328,0.0013955626030301,-0.000388557873993872,3.53939534740736e-05
0.00279222590671426,0.154681548552445,0.17061895533581,0.000374952859889501,-0.000694973815200938,-2.75536697687542e-05
0.00840805044826685,0.0995431513470327,0.153388775460264,0.000819851850531101,-0.000681825955628738,8.08379390460021e-05
0.00266451560669746,0.111104125718165,0.141526088633918,0.000784147869168201,-0.000613619453577941,1.90176455727709e-05
0.00893525300809025,0.11835950950504,0.153453492614278,0.000653812715165517,-0.000552555729683419,1.36791378897371e-05
0.00502968073394291,0.144611760117558,0.172474277241473,1.87009960827009e-05,-0.000588217886930365,8.26118636779536e-06
0.00846359579022776,0.0920525687874773,0.149784823322833,0.000594176592466576,-0.000532692424677369,2.88823253457619e-06
0.00241105085444976,0.144668207022832,0.188895570008135,0.000164269865852201,-0.000616636537454721,-2.50252323835858e-06
0.00445817820574996,0.118044113796781,0.157586313795742,0.000754394464481801,-0.000603745306989265,-7.88177441257027e-06
0.00661817569510085,0.0854295964370659,0.142656871640652,0.000890147608857501,-0.000496815320633572,-1.31947421542592e-05
0.00549428848914655,0.122235804394165,0.151046497916969,0.000670862062924742,-0.000578097846345969,-1.84831155561332e-05
0.00216308905941636,0.133116993815495,0.160462723337646,0.000452750017557101,-0.000565319446594427,-2.37353364432044e-05
0.00549062514435246,0.104276517409131,0.141890128345645,0.000997722891030501,-0.000552529821110877,-2.89858796121093e-05
0.00204039333019076,0.118479546785973,0.150947449828388,0.000894123039346001,-0.000539715582732413,-3.42104180135268e-05
0.00198020936259346,0.142987998146835,0.177658065282215,0.000435885000760401,-0.000451146893696372,3.16749335688876e-05
0.00698937491501815,0.115957237178789,0.155219109118044,0.0013028641143742,-0.000395852109461072,-4.45538731630812e-05
0.00772079417699066,0.120758500229947,0.145959293011832,0.0011633569585836,-0.000387477342520172,-4.96983957955735e-05
0.00180175968112146,0.154600034381064,0.157818662294057,0.0010093522955872,-0.000489145882150372,-5.48272210173735e-05
0.00174344956814466,0.0967529937281058,0.138454096177628,0.000893276619645701,-0.000476584683862772,-5.98643906092735e-05
0.00168466487217746,0.0964970446458756,0.137316912429317,0.000871704085890601,-0.000464057010972072,-6.49117641936735e-05
0.00162632031527136,0.12792654089615,0.157731574240046,0.000324420442212101,-0.000451580578568572,-6.99375782352736e-05
0.00156878558466756,0.0972040466341223,0.138710454356468,0.000672227646562887,-0.000439143672562172,-7.48938501584735e-05
0.00151157433912646,0.0959441343148341,0.122497829441993,0.000535695816727184,-0.000426800273427972,3.90205399895353e-06
0.00145179983123196,0.11179655281838,0.129716042968434,0.000679101964007025,-0.000414230069643672,-8.48607353082735e-05
0.00139263824116266,0.128120861939914,0.129418610801319,0.000488827001744601,-0.000401743135664572,-8.98422081338736e-05
0.00133380861028246,0.073109480816936,0.111058142192644,0.000933995335878401,-0.000389365852338672,-9.47886122887736e-05
0.00127557032934286,0.112872298341115,0.112847347126868,0.000908394674396501,-0.000377115520224672,-9.96841548989735e-05
0.00121789207711676,0.142374840093289,0.13967422941449,0.000453416470663701,-0.000364936543894572,-0.000104538939428574
0.00116020865660106,0.0922924916541323,0.119986798054948,0.000709946463957301,-0.000352803244895072,-0.000109331648078574
0.00110257842569176,0.0868477261499665,0.0954822829761399,0.0013503851812911,-0.000340714680075072,-0.000114115029923174
-0.00231789600874664,0.118201224747049,0.116349802621916,0.000619936454559881,-0.000436850001902472,-0.000118852731752174
0.000992969079132255,0.105317738083026,0.119316674708024,0.000778917836565801,-0.000316741307602472,-1.24359525775624e-05
0.000926812390200155,0.0990977505387627,0.116535260934189,0.000918929524166001,-0.000505175616363372,-0.000128198231468974
0.000874896263450755,0.112926819897951,0.107599651520183,0.000873972057859201,-0.000292983112264572,-0.000132831160253874
0.000818720873416755,0.135859495556969,0.13612038416372,0.000328294724932701,-0.000281221681930672,-0.000137423846133674
0.00386720331660236,0.0882469672975831,0.116203561271613,0.000556840401483592,-0.000269547281545372,-2.09006963827157e-05
0.00595256686358736,0.101941699875492,0.0985272689254574,0.000643967718920324,-0.000257930452466972,1.86606107009725e-05
0.00669420223971416,0.120477485658798,0.11393340228695,0.000422648874428901,-0.000375433352726072,7.60781675333161e-05
0.00407695848016476,0.123826497708902,0.127470601546133,0.000435832985559501,-0.000234947425239772,-3.50565007108188e-05
0.000542148207641255,0.0726609983519511,0.109603313454348,0.000647219502944661,-0.000223563076967072,-0.000159775686703274
0.00516378613738796,0.103547927237114,0.0928682627373978,0.0010137346483134,-0.000318214385290872,9.4942372471398e-06
0.000447258167458655,0.144741703320978,0.115347354056962,0.000648904734343456,-0.000201002830143972,-4.00589058223208e-05
0.000374869094666355,0.0667830374751046,0.0960866572630331,0.000955197309838301,-0.000332516771507072,-0.000172693514018874
0.00412959543376826,0.0663950555183258,0.0795730714097045,0.0014568917390976,-0.000178715955315572,-4.03122719819968e-05
0.000274295520030155,0.113825952806745,0.0815543928415125,0.001616436299411,-0.000299286700540972,-8.47032584549735e-05
0.000258072924173855,-0.00142317638880984,-0.279219666605699,0.0053029095770139,-0.000156710603647572,-0.000366791969970574
-0.000119383736768544,0.029257846133881,-0.270194570778796,0.0035204449777413,-0.000967401051206872,-0.000324190947299474
0.00545802913166666,0.186088665124516,0.152678578239105,0.000801820651456201,-0.000586877263161224,-0.000193437859734574
0.00616661916629046,0.142570633238211,0.164858611503681,0.000824743814315701,-0.000524357096587797,-5.30139860623735e-05
0.00770189095773575,0.0980043525478937,0.116334486454083,0.000831909811438301,-0.000363333611129972,-0.000201370894696274
0.00530968180621885,0.112900534549673,0.0976614542362215,0.0014407309112099,-0.000459764753526472,-0.000110448680392074
0.00439736021241595,0.144190657723432,0.111210664242331,0.0010450168617259,-0.000449251046377172,-8.18147532730735e-05
0.0112964904565879,0.0747968748923535,0.0797804239137296,0.001876744164672,-0.000438829320490072,7.89891114787225e-05
0.0139450470881616,0.130624396339835,0.0875806777279005,0.0014700924351161,-0.000601887705634077,0.000192638711794326
0.00935889921210526,0.146275883093081,0.106058749055462,0.0013358203122509,-0.000533319918222469,0.000176415264692126
0.00855884940436775,0.174363782005,0.134756312773093,0.000895717084803701,-0.000507408038471372,0.000195412980187026
0.0117825985080029,0.119818330924456,0.124498539617922,0.0013893770572351,-0.000508676638739772,0.000179038237429026
0.0127122477728111,0.140394168232941,0.111198061861959,0.0014784000251499,-0.000387950830125472,0.000181963401149426
0.0122860366898033,0.141806302954346,0.126504262063777,0.0010189572826139,-0.000791377463030372,0.000215974767980426
0.0115589132000054,0.132993904924571,0.125363897973278,0.001026852522801,-0.000781532060209172,0.000139328621485237
0.010115816852259,0.0806904317523617,0.116196358411545,0.000858234529554901,-0.000771771842302572,0.000106673231959167
0.0115065144377354,0.108027426145002,0.146951367093208,0.000631369162700295,-0.000762094360870772,0.000120897234916736
0.00867055178296446,0.138673291692375,0.197610941394123,-0.000179511117406699,-0.000436343877199872,4.81121423614213e-05
0.0118563722575213,0.077757386971629,0.168143817889984,0.000213253210329401,-0.000742988883276272,1.32919683837799e-05
0.0115403738858518,0.0555615455893807,0.144051519993964,0.000474381719718901,-0.000405723763668772,2.97944213832524e-05
0.0149579593157163,0.0816011052299225,0.144632944296158,0.000336899093341601,-0.000644220223459998,7.26537798378802e-05
0.0128420403889555,0.128301430756419,0.174955517500966,2.82855676952009e-05,-0.000714975699975572,8.73293253956933e-05
0.00973250191749176,0.153067171614432,0.178245065126766,-0.000300661765958499,-0.000868268091872272,8.40044701488311e-05
0.00901114009660486,0.117866513244166,0.146815350092132,0.000416539134094201,-0.000696749199456104,9.57165366465786e-05
0.0110825533743873,0.126590167708083,0.132150541312029,0.000490031479173401,-0.000687769852803711,0.000102087871840935
0.00920861616140056,0.123853548632193,0.13881140304143,0.000300661447011301,-0.000762962752284872,6.45512034358469e-05
0.00388678414052156,0.148077580101018,0.165687064993338,-0.000448158325222099,-0.000801363068254372,4.95237917721543e-05
0.00522237172507875,0.077980708589434,0.143011523247668,-8.70012502488991e-05,-0.000803249279552272,7.89866709548474e-05
0.00593883299642936,0.0720889040047198,0.12754321776216,-2.96521204426991e-05,-0.000821646411613972,5.41094453819705e-05
-0.00132161058135264,0.102058187622902,0.131092812780376,-9.92670906538991e-05,-0.000886253699901372,0.000279053487583326
0.00296634883881895,0.117826093115764,0.169163182624609,-0.000853310846629499,-0.000822831563695472,5.3516793131995e-05
0.00486847742202785,0.0762118680828671,0.160255227661165,-0.000502849286236199,-0.000804625385205472,5.82995831305015e-05
0.00604216704501886,0.0824138197439929,0.150744537594768,-0.000371228140042499,-0.000890471096921372,9.30794052135093e-05
0.00456965059958475,0.112921428989658,0.16081254229531,-0.000845340469255699,-0.000930889720872872,0.000113802707207454
0.00695042292318456,0.100424788385036,0.1505825306658,-0.000641810100022799,-0.000765194645452572,7.59222440193566e-05
0.00822910134784295,0.106740502968084,0.13162674475661,-0.000395631047849799,-0.000985408624952472,9.92402640206548e-05
0.00507464944604639,0.111765039674094,0.132611806870032,0.000175659866066101,-0.000812270402278772,6.98202033297256e-05
0.00469788899758986,0.133919774760381,0.147081369256843,-0.000556733022660799,-0.000824494295832972,4.91565311583577e-05
0.00673401700712836,0.0860688876741494,0.114460871544608,-0.000288094232687899,-0.000917075807397572,0.000110346621879935
0.00817192310528855,0.0881945114444576,0.0981640059220776,-1.32779669548991e-05,-0.000859070264136372,4.4161418328426e-05
0.00342720324198206,0.120304739032045,0.122677201271123,-0.000552201798738199,-0.000932811995411372,4.30630206483573e-05
0.00302498251820656,0.0859669474929998,0.104922948379838,-8.56051467534991e-05,-0.000755884456392972,-1.09343806085283e-05
0.00449356284284386,0.0832395037141642,0.104097265195464,4.41532980909009e-05,-0.000749871055038472,-4.34171702438801e-06
-0.00198590208938724,0.0786945452760782,0.0925183345273519,0.000310374772746801,-0.000785562495041872,1.82714515231926e-06
0.00423123731708346,0.0934552339961432,0.0967339357062555,0.000162492975372801,-0.000895083264898272,3.18372475934664e-05
0.00160470056399646,0.113645253846158,0.105364271284456,-0.000266222182625599,-0.000964059488461272,5.98696219517145e-05
0.00252863836855806,0.0666681183519836,0.0880078453526395,6.39158796904009e-05,-0.000917248173664272,6.70476552455858e-05
-0.00214468969725925,0.0836673697358851,0.0815778355931503,0.000100398582090301,-0.000854528315462772,0.000110223681612115
0.00346954260091196,0.0926605213551775,0.0811435327418959,0.000166844376151501,-0.000830324240307372,0.000238305690195826
-0.00222093298175485,0.13271946424287,0.105727695950116,-0.000605980256213599,-0.000896986228095272,0.000236728706994326
-0.00228000577073414,0.107403659224046,0.0967874096499501,-0.000424556286549699,-0.000890430276675772,8.36214613099156e-05
0.00402482563057036,0.0650272257843466,0.0798997382043118,-0.000174437810925399,-0.000883982526330272,0.000233752116921626
-0.00234450160141414,0.0688561377501007,0.0788793730634415,0.000213007699669501,-0.000877632862504472,0.000232355269314626
-0.00238495395578105,0.107668718968149,0.116383326592701,-0.000460976387848099,-0.000871380446802672,0.000231019879937126
-0.00243739167298274,0.0917891061531579,0.115497211033801,-0.000522173541639799,-0.000865233639368072,0.000149075221722195
-0.00247206824729644,0.0605226159205684,0.0978782300001573,1.97089654806009e-05,-0.000859185189789472,0.000166291004587126
-0.00250364086685264,0.0691617003104101,0.0802414635838546,-6.58053563625991e-05,-0.000853234768589072,0.000227365497550626
-0.00254310575443484,0.0881836257023154,0.0696886065331008,0.000161542631804401,-0.000597376762728578,0.000226268916362626
-0.00258073882934134,0.138409709962104,0.106993928273625,-0.000667208121873699,-0.000841624735720172,0.000225226530195926
-0.00261874084444625,0.0912698685727483,0.0922405132291106,-0.000792358361029099,-0.000835976520103272,0.000224244820853326
0.00541097149146826,0.0764704584925298,0.0715230382767842,0.000407226821138301,-0.000830431405371772,0.000261760899913226
0.00676204150017296,0.0758355022273123,0.0670394458893591,0.000180020105631701,-0.000824991345882572,0.000175677407994026
0.00363190218646066,0.129091973734994,0.0976647419837513,-0.000136458921299599,-0.000819665375551472,0.000210513321368526
-0.00278762519713594,0.108299705643788,0.0761629574203245,-9.16643225753991e-05,-0.000814435491073372,0.000195648611602526
0.00687629166068706,0.0556962445905012,0.0752553023561797,4.79103820145009e-05,-0.000809305924513672,0.000264739223568826
0.00833329978609685,0.0792407622542333,0.0681193292474301,0.000172583015953401,-0.000804270745165772,0.000111143775126027
0.00806432234415155,0.116135374954271,0.113885481827179,-0.000781094455729899,-0.000799344035448472,0.000194754941453026
0.00555444146922365,0.0812134578476496,0.092154657522697,-0.000276582098727499,-0.000794523564900872,0.000207321672849426
0.0121399527920562,0.057100016930813,0.0601407044167354,8.45626099167009e-05,-0.000662012274306885,0.000224643515557126
0.0106438510462492,0.0968709303869335,0.0807143812265728,-0.000328579807352799,-0.000785202978019472,0.000193642723931326
0.0109606867733873,0.115468151083138,0.115057867882274,-0.000807730107925399,-0.000715027207342472,0.000159519107710026
0.012574169703163,0.0507678407117561,0.0855563827763008,-0.000385133858080099,-0.000439060594392372,0.000237913896659826
0.0106599952526832,0.0753115604989334,0.0775649020323776,-0.000125095228936999,-0.000409579274254372,0.000177262138367026
0.00259086391466326,0.117516304211164,0.120634399974405,-0.0010025168458795,-0.000461561495700872,0.000151516486218116
0.00727712113304156,0.0629307593565706,0.0989778479117159,-0.000793349863082399,-0.000601893582526511,0.000272099729166526
0.00995784593492735,0.0518214697931562,0.0740262117042638,-0.000383908836648999,-0.000455834027996272,0.000206620026017126
0.00356328364830586,0.0840235396438141,0.0808339684224883,-0.000612512978335399,-0.000755941248193972,0.000195151412174126
0.00379277181802925,0.125350321712627,0.0978144791773236,-0.000810797478788299,-0.000752159499001972,0.000189599700540426
0.00671918604121416,0.0551998635871294,0.0686807871268773,-7.50513269361991e-05,-0.00063364563377877,0.000111028349402527
0.00619350721947946,0.0778557789877942,0.0885283092492244,-0.000479190329673699,-0.000682094906066072,0.000160800600119926
-9.65831700372446e-05,0.167027096773654,0.164133387352851,-0.000767804233994999,-0.000375279551073572,5.24863008003499e-05
-0.00347225180285954,0.0688582816030178,0.14042909652273,6.04763946188009e-05,-0.000319947521350072,4.52116443679676e-05
0.00382763249357366,0.0408698798232722,0.120564245300994,0.000881306790788701,-0.000403744843352472,5.12447431696188e-05
0.00636311854113425,0.069095300500472,0.105826018187225,0.000868185878924701,-0.000436025343813172,0.000201551057295326
0.00518264864816496,0.134950574161826,0.133055480806102,0.000232858781910101,-0.000381727266290972,6.48921821300115e-05
0.00335300674258136,0.108540343626024,0.123675733737603,4.74172979929009e-05,-0.000321057126526772,3.60319866397399e-05
0.00393102893295346,0.0997150484188919,0.104491139896066,0.000546944541197492,-0.000538351257762301,6.71982135807628e-05
0.00405740597816146,0.0990910781593232,0.106804015752131,0.000419431698596901,-0.000494821066271772,8.69025004329567e-05
-0.00358233768119634,0.154503692532012,0.133033678195208,-0.000119875142929999,-0.00053095011258439,0.000204585804781526
-0.00363764611925234,0.0982050103674479,0.117144976407412,0.000204327198121101,-0.000375434201969472,4.89410768533824e-05
0.00274615162517616,0.072310917073493,0.0969014393232395,0.000443849127735501,-0.000563453748010429,6.38930166747584e-05
0.00153636455159686,0.0891335078678882,0.0974108052978111,0.000500430455014601,-0.000356916444265372,8.08091895005254e-05
0.000377237464028655,0.118447165079512,0.138614363921431,-0.000128397193580999,-0.000418744882805472,4.56932671148388e-05
0.00388045926427056,0.077512191908966,0.129528797443991,-0.000128052372944199,-0.000570157433128489,8.77143382615208e-05
0.00478642000419725,0.0820646238762179,0.121259025851183,9.31818477619008e-05,-0.000265846458542572,0.000210160395330326
0.00358067070685395,0.10487832108072,0.153375578003741,-0.000531310383522299,-0.000600674516494422,0.000130864268299944
-0.00373161480780305,0.10038481632009,0.13737370096409,-0.000455270387629199,-0.000511825591180272,0.000115717089062467
-0.00373154373005974,0.0810322412733911,0.114782591121014,0.000247123876752001,-0.000480095812409172,0.000213717199478026
-0.00373845475692345,0.122697005486013,0.128856087252075,-2.70599006999991e-05,-0.000563665630236054,0.000158248069605126
0.00196001601510416,0.10549322083362,0.129480929717958,-9.03133660865991e-05,-0.000422047553656372,0.000216311828582626
-0.00377085124885505,0.0877524390123608,0.115231850310164,5.13685932828009e-05,-0.000363176196991172,0.000217692028838826
-0.00379474504617194,0.109759581391307,0.121507316661302,3.27177348451009e-05,-0.000512774513836672,4.88529143279235e-05
0.000436594905332755,0.0944179994764752,0.127908387108071,9.14619305476009e-05,-0.000399671553976372,0.000220652788344926
0.00214502578949506,0.0933656005123789,0.115135047698477,0.000224527638891501,-0.000450519252572772,0.000135336060490939
0.00223281272078436,0.0860082471997689,0.104829906241088,0.000537908281082172,-0.000576746815779763,0.000223864410872026
0.00285148206423896,0.107989434207059,0.112159265093767,0.000434650270491101,-0.000615861414777643,0.000102107269629893
-0.00386207114118354,0.147419600232795,0.141769581618618,-0.000235502761404599,-0.000356789206824372,8.90050089016932e-05
0.00513163248468306,0.0814085667062911,0.127600884590082,0.000397187714785001,-0.000541177973916455,-8.10655501840535e-06
0.00612896332039336,0.0742875517965566,0.107754731776467,0.000674385211169542,-0.000441741807181772,9.09504856073243e-06
0.00814600171196576,0.0894715167976926,0.0881488152744566,0.0012043157644844,-0.000281250830529272,7.20507984190656e-05
0.0143156671936014,0.172490775437668,0.19445595436812,0.0012837664014163,-0.00102532880193387,-0.000166453325601174
0.017180141491797,0.0969174157635223,0.159817884444881,0.0011864033439721,-0.00121975376312987,-0.000100727342706874
0.0160865801678312,0.0946911567541727,0.134819628174504,0.000993940413590401,-0.00108356893075157,4.23107287230577e-05
0.0153514190595824,0.101087881223492,0.11312137734236,0.000317724493133901,-0.00122033524255247,5.70648969068226e-05
0.00991849777377826,0.117162764304455,0.120418512544816,0.000271354476553101,-0.000857239933009272,3.77994713138682e-05
0.013949691868652,0.0857625612779944,0.110139888838562,0.000400061107292001,-0.000830920520702972,-4.18517578736613e-05
0.0147694137216397,0.0828603458714468,0.108894988479359,0.000586933251406837,-0.000853816997113372,-3.17887826611365e-05
0.0180121753322153,0.0834765924912058,0.102408593910406,0.000650042498953087,-0.000890329335094672,-5.05435923882735e-05
0.0160717883058542,0.0948339761948883,0.110265787733629,0.000338203662496201,-0.00106847748848437,-7.65317376174347e-06
0.0140050638380819,0.110208872663326,0.109729252680555,7.71327756169009e-05,-0.000901521391723472,8.71448910425295e-06
0.0190724126986213,0.0762636581724006,0.104407471582812,0.000498118091410401,-0.000853340959487872,2.00104146392387e-05
0.0197735452156513,0.0893522095647515,0.0769151273422539,0.000597137980981102,-0.000859056086333172,7.19716237597838e-05
0.0164450712601881,0.125322204221377,0.145356502900743,-0.000223354768065399,-0.000818776646351672,-1.80188601952009e-05
0.013278400230603,0.192842220033153,0.2311500812096,0.000468964046864801,-0.000757422492843872,-0.000153011011537074
0.0154375410372877,0.089659435372297,0.160017145198752,0.000308403041843301,-0.000859403458003872,2.98001976916801e-05
0.0162698020874805,0.0518029290637989,0.126543777745593,0.000724483244904801,-0.000901099352619972,-2.96802023704421e-05
0.017820691270264,0.0621727803568447,0.109843061643575,0.0011099646945362,-0.00114307996578997,-8.97291795007735e-05
0.00958051594174725,0.101146168896259,0.0864649795705576,0.0013461594381651,-0.000845585064653372,-4.15646994962337e-05
0.0100864829104432,0.131071874693992,0.0806890140569318,0.0010279575306536,-0.000932714394139272,1.37082737149734e-05
0.0111183984228533,0.181098678100674,0.110938647453542,0.000642894032795098,-0.000866927676731372,-0.000107976222045974
0.00889516814927056,0.134616559777269,0.126298361899426,0.000698163009816345,-0.000916024612250372,-0.000120241147335274
0.00893869716981125,0.086346600666842,0.11295713928939,0.000808346529886901,-0.000970744877653872,-9.65984612209735e-05
0.0120731899606874,0.0636660819664776,0.103743061241455,0.000570733662636033,-0.000848658126854972,-6.13811214240735e-05
0.0136206503807295,0.0627431850993687,0.078448309064171,0.000751478477677501,-0.000827613990558472,-1.89500844678687e-05
0.00971548165817005,0.0788783916871005,0.0755785637238486,0.000600959043146417,-0.000898702076117172,-3.04373058335307e-05
0.00175114637769916,0.143965983522157,0.100709505811703,0.000209783424245701,-0.000917801967406172,-6.98387401231735e-05
0.00307106646779906,0.108519042540675,0.117870815510948,8.52416818058008e-05,-0.000879983224717372,-0.000106667341229974
0.00341019318837156,0.0676096507954669,0.116689672563861,4.84987085840093e-06,-0.000915305384673372,2.65439374856831e-05
0.00629452711866346,0.0799540904293397,0.115496156238822,3.89770392240009e-05,-0.00116310796016197,-2.54738569871535e-05
0.00776346814550265,0.0858658436487365,0.120729345297368,1.57272261166009e-05,-0.00119620044028967,1.335232249993e-05
0.00927475545184975,0.101315592697715,0.117913317961279,0.000148823360765301,-0.00121424229035737,3.04405230589073e-05
0.00712450694808056,0.123335072413052,0.111871654637611,0.000189681162315201,-0.00117204002438997,0.000152547954851161
0.00649889373275505,0.140416129634957,0.113040975008229,0.000169961764937801,-0.00111113475154117,0.000132810671335138
0.00455889034797756,0.107694109816145,0.109449270617306,0.000316343928078301,-0.00116952141096777,0.000207894529887026
0.00683406702951326,0.103743892551424,0.116898795402169,0.000192550155738601,-0.00116100057812727,0.000138897697513724
0.00916708922402196,0.0937018929342518,0.110857863264296,-0.000123891227707899,-0.00128943907322127,0.000120637824083948
0.00456372521163546,0.126822845995073,0.137529986388536,-0.000323950195976899,-0.00118723253471037,0.000342056169669226
0.00698802855133366,0.0853025110299115,0.118046875800073,-5.11926509697991e-05,-0.000959150921689972,0.000128597697060459
0.00890148537016366,0.0594599110798699,0.0888730450705319,0.000106619142998001,-0.00124073007282297,0.000187819412859326
0.00676998804235966,0.0795551330687567,0.090658755986932,0.000127554563815201,-0.00130573299469857,9.79543219782618e-05
0.00786245063423196,0.113991293761488,0.12483725257306,-0.000207682400607999,-0.00131007823484907,7.32554274396572e-05
0.00529771913838695,0.102936576583861,0.110305845163832,-6.08227104156991e-05,-0.00131452824494267,0.000187638730169326
0.0124938032958861,0.0980573792927489,0.0908668100648221,9.57829983628009e-05,-0.00138477602174127,0.000196130228781326
0.00751772958312065,0.149800447593172,0.118541808382318,-0.000251921016256899,-0.00132373334873037,0.000235811919355926
0.00479694712920826,0.12153403859675,0.123816953533169,-0.000369270309797199,-0.00118012285293497,0.000176049795211326
0.0112664785136979,0.0753730208134641,0.10140547052975,4.04585772874009e-05,-0.000981583629191572,0.000183294846668026
0.0115368087849198,0.0818161782629579,0.0961412955318121,1.95966392164009e-05,-0.000993204750107272,0.000232060060808426
0.00748164550285756,0.097645407301931,0.102902607649826,-0.000151489661577599,-0.00122985037577577,0.000238507006623626
0.0128274095158492,0.0929239884360918,0.101740220500113,-0.000266050204298199,-0.00126064195120177,0.000201860259549226
0.0123281816489715,0.0849751512203784,0.0951271384120279,-0.000158296714922999,-0.00123270163709707,0.000165615624550926
0.0138699883897686,0.0834828152343854,0.0879348151331666,0.000146573884866501,-0.00105900540947307,0.000403230072879926
0.011291807419753,0.129802109697997,0.0981532897289181,-0.000185563799660199,-0.00100218452966357,0.000268319571274626
0.0121302200867888,0.0858929876334313,0.0970158577340215,-0.000392300487618599,-0.00100739794819347,0.000245961081690726
0.0145823068673391,0.0719561276572886,0.0783059458908343,0.000308245469117501,-0.000960694596709572,0.000417844561027626
0.0146830473647758,0.0882797895572831,0.10492706449072,-0.000159686236696099,-0.00113903338852237,0.000316124960851726
0.00320614031532786,0.218223814682173,0.237723525561739,0.0015310314443286,0.000111171780840728,-8.71508429258736e-05
0.00415574356123365,0.180069748098153,0.274289905740619,0.0022606920489448,2.27660330687279e-05,-9.03297440939736e-05
0.00432000409033836,0.131348635828017,0.234486767682139,0.0028678529501895,-0.000198282493511272,-8.43885929531735e-05
0.00582302800983136,0.123735106019119,0.1871920573589,0.0031881875244241,-0.000523278644524898,-6.20962510821192e-07
0.00731601055388206,0.134429254459098,0.159488134043643,0.003387318697736,-0.000578195250152577,3.38368674857842e-05
0.00577177608480756,0.195910372838974,0.174058563918027,0.0026276239431915,-0.000491076125741272,0.000186447210261226
0.00446452809551956,0.180120607732247,0.177173475345964,0.0023969815564385,-0.000385368072429172,4.41189717236294e-05
0.00625095921083966,0.153284923827462,0.159092707603425,0.0026778269351882,-0.000465407877778472,0.000104566050175524
0.00846341026425376,0.136855615287089,0.133404115601956,0.0031439089427854,-0.000358721776908072,0.000172239336025626
-0.00147306384405824,0.160471003089255,0.145106594255813,0.0025125066717001,-0.000242665260073972,0.000179486305425026
0.00389709085415285,0.160623608178203,0.165373834987686,0.0022103315866163,-0.000249342714101172,7.49602839613657e-05
0.00453842736587606,0.122506703076941,0.152153529919196,0.0028924154906954,-0.000352160611267272,9.2574106814748e-05
0.00470958275535996,0.112113832649233,0.151025930824032,0.002840332642856,-0.000490511167244472,0.000104475629383193
0.00438628348831015,0.114645909317477,0.137388164049401,0.002926223040872,-0.000402066100404372,0.000115594677456684
0.00420862826800466,0.139071712521726,0.158951478773758,0.0021502006455015,-0.000610199120260819,0.000157576181916326
0.00436926819086295,0.140920528415901,0.181838858628856,0.001915230589312,-0.000539159245402419,8.89388118153222e-05
0.00560969674537766,0.118251495603369,0.146553163502033,0.002199119936671,-0.000596492120136766,0.000227727667241026
0.00668725856308446,0.126087634958368,0.135879616917954,0.0024346125480347,-0.000625366182546931,0.000246965273969826
0.00736213235899406,0.193729764560914,0.19042538762956,0.002436778918589,-0.000521061961308867,0.000136809176126105
0.00992107022691386,0.119994379534111,0.166204716122952,0.0021084803283334,-0.000519847095788468,0.000111205451025667
0.0142202057709834,0.113495925259129,0.122138269746498,0.0025445274794188,-0.000449863178274172,0.000230064590525226
0.00857180474928006,0.168021964732746,0.159769302638215,0.0017738522278515,-0.000377961981773272,0.000310600107748926
0.0108348578528649,0.157050092230806,0.163730884606973,0.0014445370021494,-0.000398824330030572,0.000112570792708967
0.00707075247891815,0.11578964977145,0.153228044100073,0.000306268363942701,-0.000613115532743282,-0.000403282862265074
-0.000283722644509945,0.0133186583046303,0.0698815074946944,0.000741900033797401,-0.000649539113453835,-0.000387312109620074
0.00618914865891325,0.0195360704976926,0.0937873190724144,0.0015053953607883,-0.000648844262701057,0.000216496022509226
0.0207830598440901,0.142644945994546,0.119514857620701,0.0014828075117493,-0.000386454420836572,0.000521287088909126
0.0304964265206591,0.172404505843332,0.132549074168948,0.0013277680502475,-0.000117930639382672,0.000592429772813126
0.0326300455514447,0.130659634065249,0.117284672749782,0.0015453188111491,-0.000125808910326872,0.000592969136873526
0.033082954969713,0.107066115361306,0.106237305325832,0.0018997609282632,-0.000349958264201172,0.000536996396651026
0.0288448843384278,0.131992090503548,0.122732782096456,0.0010241869081903,-0.000408276400906072,0.000466097328683626
0.0281666567495946,0.113530796836093,0.145508088869044,0.000945807382403201,-0.000360198114856972,0.000472915606052226
0.0299554818990451,0.0821931858163849,0.129336679873013,0.00133534916294,-0.000449638663417872,0.000557692369609326
0.031512505815724,0.0776308077788594,0.122065927787406,0.0015440314208198,-0.000474857971399772,0.000486704917195526
0.0287941624571515,0.084358943899399,0.109892974922162,0.0017255897662295,-0.000394629036580472,0.000493675211974026
0.0279524884890947,0.143193179831153,0.158178742155327,0.000585676442199838,-0.000595442246958158,0.000500695772494326
0.029023073298813,0.0991236640137036,0.149560505936131,0.0011429999606861,-0.000453272083577672,0.000507767487225826
0.0326647573970149,0.0806470293830618,0.125163504584137,0.0014267641177599,-0.000525479101496918,0.000514885173596526
0.0309703656312176,0.117283623395856,0.13062741433867,0.0014208038018719,-0.000469116085306772,0.000597994552667326
0.0245779665790637,0.132966913454302,0.187656849643498,0.000820509605415701,-0.000628815824762112,0.000413907171147526
-0.0113525605415314,0.0932519414464451,0.111817408302589,0.000936522232376401,5.78660332088279e-05,-0.000306423874469274
-0.0187239278089253,0.105687185970611,0.105856827432934,0.0010324827589226,0.000301253434590228,-0.000461629292722974
-0.0186211313793909,0.139177428664573,0.130019450759183,0.000816976173905801,0.000104991609151428,-0.000523888568535274
-0.0159845911190699,0.145412533394774,0.151616261083936,0.000757498934913401,-0.000175083211771272,-0.000296922409822474
-0.0115334664313343,0.0560561132291438,0.119755249539472,0.000200927805891301,-0.000262028796868272,-0.000160792562378674
-0.0115111318553798,0.0698352512958655,0.0932683490719184,-0.0010204764136272,-0.000138074247483872,1.92167342509545e-05
-0.00605767929484965,0.155860980364098,0.0920494301083857,-0.000387933195486899,-0.000279288284927072,2.67573874809192e-05
-0.00611771522358874,0.109076883804056,0.0848661536598258,-0.000333084262392399,-0.000132290496804172,0.000150327570205735
-0.00236056081802054,0.0732266373492892,0.0548671932780293,0.00053408013820876,-0.000194044486911972,0.000138652860293983
-0.0150587963046599,0.0762340569731872,0.0539100400721389,-0.000279490605113199,-0.000204453346565672,-7.17970411704735e-05
-0.0187869632409692,0.0989925895631482,0.100455212346786,-0.0012048764301491,-0.000438748852469972,-0.000177265034744974
-0.0187183018975922,0.0294502867990347,0.0633519895003881,-0.000452020320349699,-0.000322927272523672,-0.000154043804876574
-0.0186340595717742,0.013877667228179,0.0546328697069962,-0.000512580911079099,-0.000331732459159272,-0.000123288071438874
-0.018515199798648,0.059486493611843,0.0824425442783571,-0.000881057030062799,-0.000340558145900572,8.07483378252375e-05
-0.0184302551212445,0.0649183656329136,0.108287797087543,-0.0014186522434794,-0.000539980546568024,-8.36642693459735e-05
-0.0183270090448016,0.057361876511657,0.0855386327955466,-0.0011754891960358,-0.000492528632173172,9.65409024885293e-05
-0.0182853719400339,0.0821624472955687,0.080977398973784,-0.001336559348317,-0.000367160051124972,0.000104495655461618
-0.023126534727857,0.133261284988749,0.124955680092045,-0.0013184038776714,-0.000477421392748572,-6.54057868392735e-05
-0.0181899860925129,0.0748727730897251,0.0977263776343618,-0.000656773958119699,-0.000384984861258772,-0.000121872137006574
-0.018067544322731,0.0721249072027688,0.0609907939394484,-0.000343621835145199,-0.000393920481729772,0.000128580054384592
-0.0180169208866472,0.109746872304371,0.0934929993572196,-0.0010423952522723,-0.000325868199835472,0.000136679259345445
-0.0218581539383249,0.0797780317863399,0.0966044776911555,-0.0011324939733956,-0.000411836581800972,-0.000123782573536974
-0.0138305199866016,0.0716600463883167,0.107141483912859,-0.000973407176165199,-0.000679822185781023,9.20645755574918e-05
-0.0178389109689713,0.112242060888166,0.132360216847347,-0.0011861701157233,-0.000521849961607328,-1.43684513235419e-05
-0.0176928467253363,0.0773927984654831,0.107026375377063,-0.000810069857217999,-0.000600687088325221,0.000169411401416826
-0.00783648545248375,0.151741531197102,0.209338007691172,-0.000538305855770299,-0.000772872801943172,0.000177674590717426
-0.00625997473166395,0.167927331436241,0.230600081126989,0.000418722232587401,-0.00130468213014457,0.000185969168716626
-0.00474312350707964,0.108568179319682,0.212033525835612,0.0017677253126557,-0.000979371556185172,0.000194291052649926
-0.000217420666906545,0.0918969728716365,0.168745203173236,0.002481018300193,-0.00104876173227707,6.24481110078185e-05
0.000775387974764555,0.147867284897936,0.170866234140106,0.0022896984603325,-0.000888287484322872,4.37794081651592e-05
0.000326375937385555,0.215032715994637,0.201855535671566,0.0019089286552887,-0.000897335567128772,-1.97255093925298e-05
0.000458713094812755,0.17813730272347,0.175718985646808,0.0016583898579645,-0.000906390091013072,7.02647784860248e-05
0.00233805779075966,0.183930466469204,0.156275057150171,0.0019301982858963,-0.000781289845117572,-3.09143751354317e-05
0.00185140949597196,0.19721228848463,0.158873163374433,0.0020346120937684,-0.000538313055314051,6.08882078370014e-05
-0.000860760804664944,0.190404426837084,0.160354479852412,0.0018479498743701,-0.000558497039581007,-9.44643508552735e-05
-5.35588548503446e-05,0.145841055557271,0.14901063879327,0.0020510476468434,-0.000602947133283973,-0.000164510280602574
-0.00186083687905394,0.146100154695501,0.151915421532744,0.0023113752592501,-0.000470654689179772,-0.000188541576067474
-0.00361657324061045,0.156872224884983,0.168093670499386,0.0016482902537964,-0.000513468077395272,-0.000139456610515374
-0.00378991695285375,0.131193005273594,0.159723904154918,0.0018184732816094,-0.000566547685382004,-0.000162275260524374
-0.00697851637845834,0.126108254920942,0.158766187332147,0.0024060059318015,-0.000675081917845198,-0.000247438446935874
0.000710590868298455,0.150262497675984,0.163682281666774,0.0023655574814539,-0.000688762858590629,-0.000148435126400174
-0.00149127286792674,0.201383163039801,0.176274975278792,0.0021573764789515,-0.000573470150874504,-0.000186117354446274
0.00251829521060296,0.131942679305059,0.126123411731777,0.0026628075301103,-0.000548283344533961,-0.000163589197993074
0.00487716291367056,0.160426815251967,0.116774952312113,0.002700182692896,-0.000495223913626872,-0.000154946794899674
-0.00156156209203014,0.22278494806192,0.15830276374613,0.002377894132278,-0.000283640948709872,-0.000146288502977874
0.00123390736924066,0.139216817674308,0.135250627222491,0.0025477515908223,-0.000433890556623272,-0.000137621998237674
0.00264963639087646,0.135371784862168,0.126044542448698,0.0025998365898308,-0.000500668860252872,-0.000257350492723274
-0.00101019659776084,0.17910033554538,0.153511187834108,0.0016131940458787,-0.000676738998267925,-0.000232370816413074
0.000235809728223456,0.129863424445909,0.133768925045015,0.0017718356194473,-0.000591707124838484,-0.000275221312431673
0.00300264129027916,0.122990790419138,0.121307556520147,0.0019400468916879,-0.000559951809328541,-0.000153384124629474
0.00198958414656196,0.144808057532235,0.128334089519747,0.0018963689503578,-0.000485737935968772,-0.000297119409606574
0.00173351161310346,0.157357714800917,0.136038563772653,0.00117351080397,-0.000549317468229817,-8.54678831984735e-05
0.00707377700217886,0.110843138673219,0.0867463382093429,0.0020970324978472,-0.000415791299444772,-7.67604096735735e-05
0.00523930569907256,0.167953983310069,0.0903587001626215,0.0018742875608342,-0.000442248839004772,-0.000260812484474774
0.000469513849689255,0.174812686972337,0.118941721416908,0.0012568606781876,-0.000318890818204872,-5.93445100378735e-05
0.00418010314308886,0.0836723790360701,0.0985853058951574,0.0019321565324868,-0.000425659615769372,-0.000186148500376274
0.00527642321793076,0.0948827723090972,0.0872965890005024,0.0019396042807058,-0.000509353987481772,-0.000217085868992474
0.00209177415660736,0.156805002841896,0.117179672959168,0.002050296921767,-0.000766999063004872,-9.98470680057735e-05
-0.00152573347298374,0.142506353058145,0.109880136989493,0.0013500087145043,-0.000776007560861572,-2.45394153296208e-05
-0.0127250500261437,0.140168287070482,0.109879991717828,0.0011400108819162,-0.00104614488976077,-0.000423675368809474
-0.00632003425405174,-0.0536680630301332,-0.0437963952728758,0.0011227147916346,-0.00119194368478547,-0.000560011791311474
0.00199402013120706,0.0363715445354724,-0.00355569855498457,0.0010731601026377,-0.00108763134574297,-0.000144685211569074
0.00249073646087716,0.101015479322334,0.0159129361325289,0.000898481710687801,-0.00110276094037357,-5.78291963927735e-05
-0.00341496950625304,0.0549610807288159,0.0101902239356683,0.0014141498177173,-0.00112214288764277,-0.000186022595042574
-0.00104542249776624,0.11553213014866,0.0358723622827561,0.000999095961054001,-0.00131731585379707,-0.000118671740666574
-0.00300843753591285,0.0640110427039378,0.00655192404196014,0.0011035410201219,-0.00119316630600697,-0.000110018048295374
-0.00204352566438445,0.0509291359810405,-0.03307283425601,0.0017823053888052,-0.00127937496285337,-0.000313731955933774
-0.00170652220971044,0.0514928786720039,-0.0146167344904003,0.0012200094810588,6.81460157502781e-06,-2.21859519148828e-05
0.00817846586467376,0.120001378838604,0.07854683634636,0.000438158106560801,0.000964548432291128,-8.41701860004735e-05
0.00511417132997726,0.0517525256972029,0.0764099137344495,0.000479616500466201,0.000588584788060428,-7.55807078993735e-05
0.00856955685426596,0.0456207647017317,0.0600870955320606,0.000971642729209601,0.000496272927763228,-6.70138404925735e-05
0.00997939894260235,0.0526016523789508,0.0771328617541852,0.000926683735849001,0.000262872026818828,-0.000255736016274374
0.00313917952635616,0.110168130925901,0.115086354363655,0.000437721940317701,0.000345556459489228,-0.000140943189341474
0.00421509031024505,0.070326978530088,0.0760757855757065,0.000703194396686392,0.000126049461954128,-4.14488130758441e-05
0.00273534771949846,0.075989004891535,0.0827521887326568,0.000868635235392301,0.000117167691691728,-3.2966895043298e-05
-0.00197348340343045,0.152335638389305,0.135309752587179,0.000466095591640901,0.000108312349498828,-0.000100997375061074
0.00143559621382466,0.0786924251295998,0.112741148439988,9.06303494248009e-05,9.95092896811278e-05,-1.60707224608569e-05
0.00443531350584896,0.0582804162049433,0.0922461874777684,0.000761339983786401,3.43359660617278e-05,-7.70281734671338e-06
0.00224846352559946,0.0779461795171918,0.0911880161060921,0.000427171413259001,-3.27461811671721e-05,-0.000237990237189174
0.0109861934254277,0.211777582320779,0.31370745376967,-0.0012372421834023,-0.000702715876764909,0.000261538011138126
0.0189149936286709,0.213877486459519,0.387352804119667,-0.0021476273759418,-0.000964914885905072,0.000490513126689126
0.0219331266763353,0.100871266238422,0.319407352725221,-0.000279618752061699,-0.00128086676549917,0.000484387163829326
0.0238887816283744,0.0542010965410342,0.165188195833673,-0.0011183956244678,-0.00110572842818577,0.000513342391657026
0.019486543123707,0.0225386472388373,-0.00212455215053527,-0.0014443500346528,-0.000681642209966235,0.000303588280573026
0.0172205196509113,0.0655147445794853,0.0636467426402732,-0.000388934227603299,-0.000529600629137681,0.000274546463231626
0.0146387464522697,0.136022144726886,0.101265693130227,-0.000499443093474499,-0.000317618080533672,0.000240666747742826
0.0158415748422666,0.204159627704567,0.225889578328617,-0.0012313315118536,-0.000304909059782772,1.10724198021094e-05
-0.00220754935951554,0.10553686233204,0.164881574693275,-0.000418274388350299,-0.000681705630422199,7.55589891933038e-05
0.014518330910756,0.0945305436273358,0.0988502684939749,0.000972990707443401,-0.000564322761686101,3.08576828260498e-05
0.0182403004471165,0.0963292814800071,0.0987483671809805,0.001249152115592,-0.000573037937612679,9.15647838316672e-05
0.019308642400822,0.080328440173922,0.136208928451426,0.000872464227626201,-0.000581656062967836,9.95522433963617e-05
0.0182370519316924,0.102511069531518,0.211436947217812,0.000343609769162601,-0.000760595967548972,0.000107489458195674
0.0197867574996183,0.0703783978738164,0.189543793373269,0.000412207639476601,-0.000877497467859872,0.000115352039994313
0.0195115227616764,0.0696560899393432,0.166471292208507,0.000149014193802301,-0.000874013799612272,0.000123291520927755
0.0200013526308085,0.0940336531150596,0.160993503826248,-0.000307595938265399,-0.000966725839128772,0.000131153327940172
0.0214865908491467,0.104408418549494,0.181081189602371,-0.000649453305798499,-0.000758065200512672,0.000152666266807116
